30.084588803736093,105.24,115.90611983519615
39.62291772283241,102.29,114.87247297733602
26.96891886137711,109.33999999999999,116.37657759649244
19.524017093206925,110.44,116.6220273231124
25.351236058190434,97.13999999999999,103.76952440129732
28.872540164893447,97.08,88.37530083049946
29.083819636415097,84.67999999999998,112.8106857886766
-34.119346011543634,93.51000000000002,109.09755410487755
8.91629874205037,68.49999999999997,104.78925555337672
15.427967654649125,83.25,132.21526548311192
5.941982058193097,87.55999999999999,92.97509265733235
0.9869805766827503,100.7,51.026668604445774
53.1382304337367,53.86,124.07257933430444
62.703234549136646,41.909999999999975,125.81531936935578
56.722907807987134,80.38999999999997,124.24747406929541
50.94960543599149,85.69999999999996,118.5856072588118
57.70608448958598,64.59999999999998,107.64648820309229
66.52334555670511,62.70999999999999,99.19566357687995
53.26975637120108,44.58,114.10583827977027
-3.3103391612869886,92.02,60.25087103305033
35.55193900504025,34.05999999999999,84.02634465037711
35.16049590857933,51.68999999999998,113.26671170138593
38.518652385001474,40.90999999999999,58.51453072499178
72.35474506129633,331.99,36.76758836515857
23.188103828444564,114.22999999999999,113.21252841709833
32.799677113214095,111.93,109.36020777074971
19.963787293841612,118.02000000000001,114.50291311693175
12.601592196995234,118.75,117.01623089158053
17.440882005238542,106.07,102.98095614531944
18.72314754340186,105.91999999999997,86.82198996009122
22.818435060113938,94.48,110.78486245907114
-37.850068477175135,99.41,123.88111501917253
3.0760013623925246,77.78000000000002,108.88285875950635
11.4435029180158,92.40999999999997,134.12203623968773
-2.15015651340919,95.85000000000002,98.41137588160204
-15.494478179373283,106.96999999999998,58.94299708809505
-34.92640237255493,324.09000000000003,163.04994554162965
-33.728894683674184,333.84999999999997,172.93112529862287
-22.384418435559066,329.36,157.7963091879413
-19.273228794207238,324.36,151.21258484935063
-24.963283481028025,321.40999999999997,173.67852301065145
20.978864549739168,142.35000000000002,172.25605311453586
-34.98370772582184,319.9400000000004,179.35842135713614
0.808215576378896,280.96999999999997,160.79554033816623
32.45393493886614,115.99000000000001,168.87804001445724
-37.65565361553578,305.04,159.5755518726794
19.765111276383582,113.12,162.3527346627021
5.247698012954361,117.47,131.409361871357
32.00566653281158,112.44999999999997,138.50110057296286
37.223876014023,100.09,145.38642155895013
9.413722456060786,126.99000000000001,118.32833961770015
-3.1232488254328543,137.10000000000002,119.22603891762677
-1.5758048704939915,124.56,104.23568166073457
-5.476269373512391,123.66,89.11482671425743
6.140815955535572,114.21,108.13875721377984
-44.678977070195444,115.16,156.31912334046018
-10.60620547930396,97.16000000000003,120.24297484239818
1.1980772447626595,112.25999999999999,137.57218776624808
-13.377241566606278,101.44,112.19565028406603
-29.25764269873932,105.30999999999999,81.24984197763092
18.675092151771903,122.94,99.73307105319537
28.630114982774106,119.82000000000001,93.48584844801893
15.607396789960834,127.12999999999998,101.98123589760077
8.158032461837745,128.31,106.65838585324151
10.752235599588856,114.86,91.11799106116764
9.672194580242058,114.84,74.92844241484573
16.658078707314683,102.15,97.3541465212579
-42.451929266128495,112.02999999999997,130.11415838395385
-5.434888477145851,86.1,102.16757830708866
6.909700247742838,100.88999999999999,123.70268592277966
-11.090029123263594,105.43999999999998,93.02825117501774
-32.53622281862689,119.22999999999999,59.719738337628
16.715091964867085,128.57999999999998,100.53719911670056
26.316602426528668,126.11999999999999,92.75387607620571
13.678553552812536,132.52000000000004,103.44513701420746
6.585520066308536,133.33000000000004,109.17956100844262
8.59222706336987,120.58000000000001,92.63762117933138
6.275914836548819,121.05,76.69251472264799
15.166823825495964,108.05000000000003,97.23008435816142
-41.489734851827926,115.69999999999997,137.13915715918196
-6.233850605440871,91.61,103.76510828259848
6.855850985298116,105.87,124.6930973302495
-12.389547449029468,110.81,96.74680882349189
-34.70936556646183,125.12,66.50325902472618
21.030443200411955,116.06,99.6467526216457
31.172554454470117,112.21999999999998,95.34274725736812
17.979411648277402,120.49999999999999,101.12542713112721
10.23340028629211,122.11000000000001,104.41071746528458
13.485007504571099,107.86000000000001,90.25623692166582
13.980579582798432,107.15,74.02718249887553
18.455005624576867,95.10000000000001,98.33448474430149
-43.278519224780595,107.22999999999998,121.78530363934655
-4.1579591544722865,79.46,100.80617483785903
7.130921738300734,94.87999999999998,122.99867449245639
-9.04991986160995,98.76999999999998,89.25235181308169
-28.457613229043176,111.29,52.275651045983324
90.0,0.9999999999999548,176.0
90.0,0.9999999999999548,176.0
14.90615625351099,105.46000000000001,144.84064165111522
24.846367754128686,104.66,142.88879912717397
-22.523253630741554,156.1,48.365530452525036
-41.77596415309615,187.06,87.38031572910862
-58.73113739249769,215.15999999999997,128.70121961623528
-63.57738511258249,232.57999999999998,148.8587830517028
-59.63655341315012,203.73,136.3494113528127
35.89570541061438,40.71,133.88353397688408
-56.019280992894224,187.88999999999996,174.06581265234178
-44.44778444713671,197.14000000000001,145.17051933419117
-54.92625277134479,215.63000000000002,174.62800883463422
63.64851210195935,72.13,165.84473444992918
-3.9976019612954903,129.36,113.57115007378314
3.7455467194253744,126.55000000000001,103.62342369147046
-6.8578813842430115,133.01,115.8026630097671
-12.749652903954416,134.14,123.28495154633909
-10.791715922154022,120.49999999999999,111.93512559403239
-14.651857093505596,117.58999999999997,97.53885334406945
-2.6212387204844134,111.71,117.81630825669157
-51.5183848178641,110.00999999999998,166.1368494117051
-16.34934330070327,94.9,134.46781932773075
-6.6011279886679795,111.77,147.81126557620618
-25.912368200853475,109.25999999999998,124.65020671575567
-46.413311470446224,108.21000000000002,94.57436594650292
5.482023606872442,133.43,93.88277014346473
14.368141873116057,129.86999999999998,83.90844729755742
2.8639268957202932,137.75,97.04408279318184
-3.6256894287027825,139.21,104.67575685176345
-4.07613283217731,125.19999999999996,89.75162698742169
-9.156399703712767,124.44999999999997,74.94907943255957
3.0844451270939923,112.81,94.09257094898264
-47.97839011937569,123.28,148.2475415013401
-16.644693038961407,96.96000000000002,109.24600084040598
-2.044449453922027,112.33999999999999,123.79232677336773
-23.841834397537404,115.83999999999999,101.44759069506131
-49.090321417935094,127.37,76.25004702437697
-54.11104983164815,37.32000000000001,146.72117053330186
-63.832304317224924,41.08000000000001,161.23711997404357
71.7982237488392,216.32,176.63092395676134
75.39458329975852,209.79000000000002,164.36725885899776
86.30360278104312,203.34,158.52916353033822
89.97112423690923,215.58000000000317,159.6601007341321
-79.98740685188959,261.67999999999995,160.05515826936713
60.5924805993561,76.23,150.55436423107577
79.04140477874029,297.37,171.45411021101677
61.849310307345206,8.290000000000019,160.13425227976106
67.45543353818088,30.849999999999977,118.40000536546056
53.21854769137736,59.37999999999998,105.96770084984809
-14.775652366826511,53.95,113.06760613938111
-21.35142912914391,59.119999999999976,96.19319150083896
-35.984703903173745,289.39,143.66246149150768
-16.76156232874306,277.57,172.94635128533446
26.397979718545763,86.51999999999998,175.64115534766668
29.81164913962391,88.02000000000004,161.10645298851222
-33.19567667857734,259.46,174.0884557982738
-11.029555366064692,61.059999999999995,142.33010964355447
26.573936516428816,58.70999999999999,169.25164452877894
-22.386865458140527,250.04,159.25710201705397
18.847013100138717,72.53,158.7825297804619
20.59736717506235,81.71999999999998,117.02942026190436
90.0,0.9999999999999548,176.0
90.0,0.9999999999999548,176.0
-73.83724924972356,139.74000000000004,172.66349437934076
-62.24607487158865,161.81,145.77444914551026
-79.44541010054087,201.73000000000002,160.38022558561354
-72.80491974193413,308.01,165.923784538916
-60.04117472303143,23.57999999999999,124.29491445729144
-55.07919632558025,30.519999999999992,123.19356981780058
-40.76233042606079,38.899999999999984,126.34750061170718
-40.29557070422124,37.749999999999986,129.98842639422014
-34.32445638007327,37.56999999999998,113.7050934357596
-31.574608010690525,38.33999999999999,108.46086765756806
-73.56952728169671,136.73000000000002,130.99956592191015
59.08636913680861,54.599999999999966,154.4458092120534
-73.83724924972356,139.74000000000004,172.66349437934076
-67.04889068584839,136.53999999999996,144.69984466357909
-84.16231362655523,40.26000000000001,148.83702198173725
-60.35216927414912,346.17,140.57331165218062
46.09752740512275,347.91,142.9029046881493
42.526082124429735,348.71999999999997,139.28237709422746
33.934359414727936,348.77,130.4387750110215
28.49899382183133,348.8,125.61400571236979
25.726728234261284,357.5,115.72383455875651
24.902652806926298,0.7000000000000031,112.75653726726975
18.47562433336744,31.12999999999998,106.0745059423183
-58.892494116585375,38.610000000000014,45.2729656386451
-3.555817903655707,16.669999999999984,94.62922988848601
-23.203539883887174,32.279999999999994,102.82749557528845
-30.300939945083023,357.25,88.11912162772647
-11.300341900272558,330.9,92.03112304977738
-35.89305395138175,358.87,157.43964514818018
-29.64143887831741,6.28000000000001,165.01262869852172
-24.86728759343446,359.5,141.07358255054194
-24.56878276058607,351.46,149.09530705190969
-30.45708930915237,349.21,155.3044391727108
-22.005759169426046,349.24,163.63102768508523
-44.06567047299493,5.289999999999993,142.99393807951472
-48.517571958280364,283.38,135.22965848654664
-59.05076968454097,352.25,153.50482146035847
-66.09461994945276,20.709999999999987,126.5912908136477
57.03665007619951,151.7500000000001,176.8937631843703
-49.045874855357496,332.2,166.69575418200435
-35.89305395138175,358.87,157.43964514818018
-30.922794851357775,4.750000000000014,152.6997559561172
-30.13227877834262,347.27,101.20133411709011
-36.63012962229051,338.09999999999997,85.32039026815086
-30.792842331636958,348.33,141.56558959241735
-19.770259496237678,347.84999999999997,159.048107396494
-33.96074136567175,352.52,163.63743587983106
-19.313185143164088,296.44,132.99934075420435
-37.68487568860742,328.45000000000005,177.10353439033696
-46.363943072562016,343.35,150.3627827552239
-27.602588043088552,331.24,160.77195911226323
3.4589951847614637,144.39,155.79735401674708
-34.853576003585395,355.66,162.92857751391927
-29.3290948643742,3.480000000000012,171.10079230062172
-23.683695454355085,357.32,147.51516061945196
-24.01706096788895,352.04,140.8853606065553
-25.51382188413442,349.86,172.24523123431248
18.997165414362854,169.69999999999993,176.54101848057
33.55867534831782,170.79999999999998,171.840507676646
-11.797927991277056,303.53999999999996,148.63447559545403
32.942142979543576,146.61,160.29038152956159
-42.74655854914208,337.24,174.00520447774036
20.7129096902957,140.90999999999997,164.4655660387166
0.6028603120170316,142.87,149.32466679124485
55.547238251236394,177.26999999999998,165.23957400718123
58.34232478038786,173.99999999999994,162.12571721541235
64.9228853519079,162.88,154.6110455843841
68.37396738127688,153.14999999999998,150.3486828137853
68.22482087870955,132.98,159.92505592662712
67.55643060343502,127.12999999999994,163.61348176410817
-60.798466469772734,279.76,157.25745446108073
17.560950353949043,74.72999999999998,157.82443413027474
56.31567023862672,73.23999999999995,172.4905828201738
-44.002515343851364,231.62,174.34858735717376
44.6481593036232,55.02,135.4827702707143
59.63717940259578,73.80999999999997,104.33369438356357
